u
mu0x
[0.01]
mu0x
[0.01]
{'parx': {'0.01mu0x_0': [11245, 2736, 140000000000.0, 140000000000.0, 6800, 6800, 2.0270732088823926e-06, 0, 0, 0.00032, 0, 0, 0, 0, 0.35, 0.35, 0.3, 0.3, 0.3, 0.3, 0, 0, 0, 0, 0, 0, 0, 0, 0, 0]}}
{'pary': {'0.01mu0x_0': [11245, 2736, 140000000000.0, 140000000000.0, 6800, 6800, -8.000415640258398e-06, 0, 0.00032, 0, 0, 0, 0, 0, 0.35, 0.35, 0.3, 0.3, 0.3, 0.3, 0, 0, 0, 0, 0, 0, 0, 0, 0, 0]}}
8.509856122469781e+33
8.506970620892095e+33
8.424757561245081e+33
8.426890560595541e+33
9.615666347220678e+33
9.62790499340741e+33
8.506970620892095e+33, 9.700692569658984e+33, 8.426890560595541e+33, 9.62790499340741e+33
=============
Solution: [2.3e-06, 2.3e-06]
Objective: [ 2.26817280e+32 -9.66904669e+32  2.15071452e+32 -9.70619938e+32]
=============
Solution: [2.3149011611938477e-06, 2.3e-06]
Objective: [ 1.98661932e+32 -9.67259719e+32  1.87798219e+32 -9.70985028e+32]
=============
Solution: [2.3e-06, 2.3149011611938477e-06]
Objective: [ 2.26462230e+32 -9.95060017e+32  2.14732265e+32 -9.98528662e+32]
=============
Solution: [2.3951193089768487e-06, 2.0562496754946145e-06]
Objective: [ 5.72426130e+31 -4.66149686e+32  5.06501547e+31 -4.74339948e+32]
=============
Solution: [2.4100204701706963e-06, 2.0562496754946145e-06]
Objective: [ 3.07252869e+31 -4.66529308e+32  2.49327316e+31 -4.74730113e+32]
=============
Solution: [2.3951193089768487e-06, 2.071150836688462e-06]
Objective: [ 5.69042030e+31 -4.99429206e+32  5.03266431e+31 -5.07327639e+32]
=============
Solution: [2.4232503313077305e-06, 1.949123007605033e-06]
Objective: [ 9.78950420e+30 -2.16508579e+32  4.59168176e+30 -2.26914840e+32]
=============
Solution: [2.438151492501578e-06, 1.949123007605033e-06]
Objective: [-1.62761685e+31 -2.16899757e+32 -2.06959978e+31 -2.27316823e+32]
=============
Solution: [2.4232503313077305e-06, 1.9640241687988806e-06]
Objective: [ 9.45710998e+30 -2.52555599e+32  4.27391396e+30 -2.62645661e+32]
=============
Solution: [2.427141966576624e-06, 1.899167017653789e-06]
Objective: [ 4.06835410e+30 -9.26849308e+31 -9.74039334e+29 -1.04181121e+32]
=============
Solution: [2.4420431277704717e-06, 1.899167017653789e-06]
Objective: [-2.19382350e+31 -9.30813971e+31 -2.62052860e+31 -1.04588531e+32]
=============
Solution: [2.427141966576624e-06, 1.9140681788476365e-06]
Objective: [ 3.73808871e+30 -1.30157527e+32 -1.28972019e+30 -1.41324999e+32]
=============
Solution: [2.4280021844168996e-06, 1.8755453746943404e-06]
Objective: [ 3.08285016e+30 -3.23930105e+31 -1.93756478e+30 -4.44189344e+31]
=============
Solution: [2.4429033456107473e-06, 1.8755453746943404e-06]
Objective: [-2.29115570e+31 -3.27920051e+31 -2.71571017e+31 -4.48289401e+31]
=============
Solution: [2.4280021844168996e-06, 1.890446535888188e-06]
Objective: [ 2.75351868e+30 -7.05728564e+31 -2.25232270e+30 -8.22638542e+31]
=============
Solution: [2.428384489431778e-06, 1.864971870615088e-06]
Objective: [ 2.64628041e+30 -5.03467286e+30 -2.36444362e+30 -1.73009666e+31]
=============
Solution: [2.4432856506256255e-06, 1.864971870615088e-06]
Objective: [-2.33427198e+31 -5.43481450e+30 -2.75787828e+31 -1.77121501e+31]
=============
Solution: [2.428384489431778e-06, 1.8798730318089356e-06]
Objective: [ 2.31736564e+30 -4.35383388e+31 -2.67878973e+30 -5.54668642e+31]
=============
Solution: [2.4285187171877556e-06, 1.8612802205044728e-06]
Objective: [ 2.49250662e+30  4.57210914e+30 -2.51479514e+30 -7.77859001e+30]
=============
Solution: [2.4434198783816033e-06, 1.8612802205044728e-06]
Objective: [-2.34945941e+31  4.17156470e+30 -2.77273084e+31 -8.19018724e+30]
=============
Solution: [2.4285187171877556e-06, 1.8761813816983205e-06]
Objective: [ 2.16373722e+30 -3.40456955e+31 -2.82899759e+30 -4.60576245e+31]
=============
Solution: [2.428540298030725e-06, 1.8606863045572298e-06]
Objective: [ 2.46778985e+30  6.12032668e+30 -2.53896208e+30 -6.24397513e+30]
=============
Solution: [2.4434414592245725e-06, 1.8606863045572298e-06]
Objective: [-2.35190055e+31  5.71971732e+30 -2.77511818e+31 -6.65563902e+30]
=============
Solution: [2.428540298030725e-06, 1.8755874657510775e-06]
Objective: [ 2.13904383e+30 -3.25158933e+31 -2.85314142e+30 -4.45412634e+31]
=============
Solution: [2.4285407661332717e-06, 1.8606729763235044e-06]
Objective: [ 2.46726354e+30  6.15507960e+30 -2.53947689e+30 -6.20952754e+30]
=============
Solution: [2.4434419273271194e-06, 1.8606729763235044e-06]
Objective: [-2.35195252e+31  5.75446878e+30 -2.77516902e+31 -6.62119292e+30]
=============
Solution: [2.4285407661332717e-06, 1.875574137517352e-06]
Objective: [ 2.13851805e+30 -3.24815538e+31 -2.85365572e+30 -4.45072256e+31]
=============
Solution: [2.428540763159624e-06, 1.8606730478403213e-06]
Objective: [ 2.46726718e+30  6.15489314e+30 -2.53947334e+30 -6.20971236e+30]
=============
Solution: [2.4434419243534717e-06, 1.8606730478403213e-06]
Objective: [-2.35195216e+31  5.75428232e+30 -2.77516867e+31 -6.62137774e+30]
=============
Solution: [2.428540763159624e-06, 1.875574209034169e-06]
Objective: [ 2.13852168e+30 -3.24817381e+31 -2.85365217e+30 -4.45074083e+31]
=============
Solution: [2.428540763159624e-06, 1.8606730478403213e-06]
Objective: [ 2.46726718e+30  6.15489314e+30 -2.53947334e+30 -6.20971236e+30]
10
`ftol` termination condition is satisfied.
[ 2.46726718e+30  6.15489314e+30 -2.53947334e+30 -6.20971236e+30]
