u
mu0x
[0.01]
mu0x
[0.01]
{'parx': {'0.01mu0x_0': [11245, 2736, 140000000000.0, 140000000000.0, 6800, 6800, 1.9269190358167564e-06, 0, 0, 0.00032, 0, 0, 0, 0, 0.35, 0.35, 0.3, 0.3, 0.3, 0.3, 0, 0, 0, 0, 0, 0, 0, 0, 0, 0]}}
{'pary': {'0.01mu0x_0': [11245, 2736, 140000000000.0, 140000000000.0, 6800, 6800, -8.419557191108275e-06, 0, 0.00032, 0, 0, 0, 0, 0, 0.35, 0.35, 0.3, 0.3, 0.3, 0.3, 0, 0, 0, 0, 0, 0, 0, 0, 0, 0]}}
8.955299965285194e+33
8.961875935026628e+33
8.86574696563234e+33
8.86772657695727e+33
9.159109870231849e+33
9.155537772314145e+33
8.961875935026628e+33, 9.252611627504529e+33, 8.86772657695727e+33, 9.155537772314145e+33
=============
Solution: [2.3e-06, 2.3e-06]
4
2
8.86772657695727e+33
4
3
9.155537772314145e+33
Objective: [-2.28088034e+32 -5.18823727e+32 -2.16957049e+32 -5.06424340e+32]
4
2
8.86772657695727e+33
4
3
9.155537772314145e+33
=============
Solution: [2.3149011611938477e-06, 2.3e-06]
4
2
8.86772657695727e+33
4
3
9.155537772314145e+33
Objective: [-2.56243382e+32 -5.19178777e+32 -2.44314622e+32 -5.06790482e+32]
4
2
8.86772657695727e+33
4
3
9.155537772314145e+33
=============
Solution: [2.3e-06, 2.3149011611938477e-06]
4
2
8.86772657695727e+33
4
3
9.155537772314145e+33
Objective: [-2.28443084e+32 -5.46979075e+32 -2.17297753e+32 -5.34306721e+32]
4
2
8.86772657695727e+33
4
3
9.155537772314145e+33
=============
Solution: [2.2063738571588328e-06, 2.1297347644568854e-06]
4
2
8.86772657695727e+33
4
3
9.155537772314145e+33
Objective: [-4.06081089e+31 -1.74113056e+32 -3.49734128e+31 -1.64960623e+32]
4
2
8.86772657695727e+33
4
3
9.155537772314145e+33
=============
Solution: [2.2212750183526804e-06, 2.1297347644568854e-06]
4
2
8.86772657695727e+33
4
3
9.155537772314145e+33
Objective: [-7.05820986e+31 -1.74478103e+32 -6.40611408e+31 -1.65337270e+32]
4
2
8.86772657695727e+33
4
3
9.155537772314145e+33
=============
Solution: [2.2063738571588328e-06, 2.144635925650733e-06]
4
2
8.86772657695727e+33
4
3
9.155537772314145e+33
Objective: [-4.09636464e+31 -2.05707224e+32 -3.53137107e+31 -1.96248814e+32]
4
2
8.86772657695727e+33
4
3
9.155537772314145e+33
=============
Solution: [2.1887632838465154e-06, 2.067014686617312e-06]
4
2
8.86772657695727e+33
4
3
9.155537772314145e+33
Objective: [-3.29429713e+30 -3.69693606e+31  1.20868077e+30 -2.91269411e+31]
4
2
8.86772657695727e+33
4
3
9.155537772314145e+33
=============
Solution: [2.203664445040363e-06, 2.067014686617312e-06]
4
2
8.86772657695727e+33
4
3
9.155537772314145e+33
Objective: [-3.36346027e+31 -3.73391615e+31 -2.82268961e+31 -2.95085311e+31]
4
2
8.86772657695727e+33
4
3
9.155537772314145e+33
=============
Solution: [2.1887632838465154e-06, 2.0819158478111597e-06]
4
2
8.86772657695727e+33
4
3
9.155537772314145e+33
Objective: [-3.64873219e+30 -7.00087304e+31  8.69659443e+29 -6.18464038e+31]
4
2
8.86772657695727e+33
4
3
9.155537772314145e+33
=============
Solution: [2.1883780332683565e-06, 2.0529612336280236e-06]
4
2
8.86772657695727e+33
4
3
9.155537772314145e+33
Objective: [-2.17202641e+30 -5.47094193e+30  2.29281851e+30  2.06688955e+30]
4
2
8.86772657695727e+33
4
3
9.155537772314145e+33
=============
Solution: [2.203279194462204e-06, 2.0529612336280236e-06]
4
2
8.86772657695727e+33
4
3
9.155537772314145e+33
Objective: [-3.25214476e+31 -5.84199011e+30 -2.71513320e+31  1.68401173e+30]
4
2
8.86772657695727e+33
4
3
9.155537772314145e+33
=============
Solution: [2.1883780332683565e-06, 2.0678623948218713e-06]
4
2
8.86772657695727e+33
4
3
9.155537772314145e+33
Objective: [-2.52592916e+30 -3.88489533e+31  1.95433150e+30 -3.09879371e+31]
4
2
8.86772657695727e+33
4
3
9.155537772314145e+33
=============
Solution: [2.1884006436658043e-06, 2.052191936051527e-06]
4
2
8.86772657695727e+33
4
3
9.155537772314145e+33
Objective: [-2.20005750e+30 -3.73844631e+30  2.26537689e+30  3.78258676e+30]
4
2
8.86772657695727e+33
4
3
9.155537772314145e+33
=============
Solution: [2.203301804859652e-06, 2.052191936051527e-06]
4
2
8.86772657695727e+33
4
3
9.155537772314145e+33
Objective: [-3.25490718e+31 -4.10956499e+30 -2.71783819e+31  3.39963624e+30]
4
2
8.86772657695727e+33
4
3
9.155537772314145e+33
=============
Solution: [2.1884006436658043e-06, 2.0670930972453748e-06]
4
2
8.86772657695727e+33
4
3
9.155537772314145e+33
Objective: [-2.55392761e+30 -3.71351582e+31  1.92692217e+30 -2.92907592e+31]
4
2
8.86772657695727e+33
4
3
9.155537772314145e+33
=============
Solution: [2.188400542088154e-06, 2.0521935512613516e-06]
4
2
8.86772657695727e+33
4
3
9.155537772314145e+33
Objective: [-2.19988789e+30 -3.74208352e+30  2.26554195e+30  3.77898487e+30]
4
2
8.86772657695727e+33
4
3
9.155537772314145e+33
=============
Solution: [2.2033017032820015e-06, 2.0521935512613516e-06]
4
2
8.86772657695727e+33
4
3
9.155537772314145e+33
Objective: [-3.25489041e+31 -4.11320205e+30 -2.71782187e+31  3.39603452e+30]
4
2
8.86772657695727e+33
4
3
9.155537772314145e+33
=============
Solution: [2.188400542088154e-06, 2.0670947124551993e-06]
4
2
8.86772657695727e+33
4
3
9.155537772314145e+33
Objective: [-2.55375807e+30 -3.71387561e+31  1.92708716e+30 -2.92943222e+31]
4
2
8.86772657695727e+33
4
3
9.155537772314145e+33
=============
Solution: [2.1884005427185738e-06, 2.0521935424669744e-06]
4
2
8.86772657695727e+33
4
3
9.155537772314145e+33
Objective: [-2.19988897e+30 -3.74206372e+30  2.26554090e+30  3.77900448e+30]
4
2
8.86772657695727e+33
4
3
9.155537772314145e+33
=============
Solution: [2.2033017039124214e-06, 2.0521935424669744e-06]
4
2
8.86772657695727e+33
4
3
9.155537772314145e+33
Objective: [-3.25489052e+31 -4.11318225e+30 -2.71782197e+31  3.39605412e+30]
4
2
8.86772657695727e+33
4
3
9.155537772314145e+33
=============
Solution: [2.1884005427185738e-06, 2.067094703660822e-06]
4
2
8.86772657695727e+33
4
3
9.155537772314145e+33
Objective: [-2.55375915e+30 -3.71387365e+31  1.92708611e+30 -2.92943028e+31]
4
2
8.86772657695727e+33
4
3
9.155537772314145e+33
=============
Solution: [2.1884005427147507e-06, 2.0521935425148864e-06]
4
2
8.86772657695727e+33
4
3
9.155537772314145e+33
Objective: [-2.19988897e+30 -3.74206383e+30  2.26554090e+30  3.77900438e+30]
4
2
8.86772657695727e+33
4
3
9.155537772314145e+33
=============
Solution: [2.2033017039085983e-06, 2.0521935425148864e-06]
4
2
8.86772657695727e+33
4
3
9.155537772314145e+33
Objective: [-3.25489052e+31 -4.11318235e+30 -2.71782197e+31  3.39605402e+30]
4
2
8.86772657695727e+33
4
3
9.155537772314145e+33
=============
Solution: [2.1884005427147507e-06, 2.067094703708734e-06]
4
2
8.86772657695727e+33
4
3
9.155537772314145e+33
Objective: [-2.55375914e+30 -3.71387366e+31  1.92708611e+30 -2.92943029e+31]
4
2
8.86772657695727e+33
4
3
9.155537772314145e+33
=============
Solution: [2.1884005427147507e-06, 2.0521935425148864e-06]
Objective: [-2.19988897e+30 -3.74206383e+30  2.26554090e+30  3.77900438e+30]
8
`ftol` termination condition is satisfied.
[-2.19988897e+30 -3.74206383e+30  2.26554090e+30  3.77900438e+30]
